1.000000  0.950000  0.880000  0.880000  0.930000  0.000000  0.000000  0.000000  0.000000  1.000000  
0.950000  1.000000  0.950000  0.930000  0.900000  0.000000  0.000000  0.000000  0.000000  9.000000  
0.880000  0.950000  1.000000  0.940000  0.920000  0.000000  0.000000  0.000000  0.000000  4.000000  
0.880000  0.930000  0.940000  1.000000  0.950000  0.000000  0.000000  0.000000  0.000000  2.000000  
0.930000  0.900000  0.920000  0.950000  1.000000  0.000000  0.000000  0.000000  0.000000  8.000000  
0.000000  0.000000  0.000000  0.000000  0.000000  1.000000  0.990000  0.000000  0.000000  6.000000  
0.000000  0.000000  0.000000  0.000000  0.000000  0.990000  1.000000  0.000000  0.000000  7.000000  
0.000000  0.000000  0.000000  0.000000  0.000000  0.000000  0.000000  1.000000  0.960000  5.000000  
0.000000  0.000000  0.000000  0.000000  0.000000  0.000000  0.000000  0.960000  1.000000  3.000000  
×Ó¿é¾ØÕó£º
1.000000  0.950000  0.880000  0.880000  0.930000  1.000000  
0.950000  1.000000  0.950000  0.930000  0.900000  9.000000  
0.880000  0.950000  1.000000  0.940000  0.920000  4.000000  
0.880000  0.930000  0.940000  1.000000  0.950000  2.000000  
0.930000  0.900000  0.920000  0.950000  1.000000  8.000000  
×Ó¿é¾ØÕó£º
1.000000  0.990000  0.000000  0.000000  6.000000  
0.990000  1.000000  0.000000  0.000000  7.000000  
0.000000  0.000000  1.000000  0.960000  5.000000  
0.000000  0.000000  0.960000  1.000000  3.000000  
